sample_ID	Hs62711.3	A_23_P88489	A_32_P122703	A_24_P355626	A_24_P838448	A_23_P386	A_24_P413884	A_23_P24515	A_23_P338578	A_23_P207742	A_23_P152234	A_32_P88479	A_23_P396765	A_23_P361544	A_23_P427083	A_23_P96325	A_23_P18422	Hs103724.1	A_23_P131866	A_23_P112883	A_23_P212844	A_23_P161918	A_23_P5422	A_23_P89310	A_23_P208779	A_23_P382	A_23_P385861	A_23_P417144	A_32_P180315
NB002	10	9.14	10.58	10.6	14.58	12.88	10.38	13.45	6.25	14.88	6.13	15.65	12.35	7.36	9.91	10.33	12.31	11.95	11.64	11.41	11.19	12.48	7.85	14	10.32	13.49	10.61	12.88	8.07
NB006	8.36	9.92	11.69	11.04	12.29	13.44	11.37	13.99	7.01	15.25	6.65	15.14	12.71	6.83	10.77	10.14	12.16	13.84	11.28	12.1	11.28	11.88	9.61	15.36	9.77	14.07	11.6	13.86	7.62
NB010	10.11	9.11	10.82	10.46	10.53	11.46	10.9	14.48	5.95	15.03	6.23	14.73	12.5	7.01	10.63	9.91	13.54	10.82	12.15	11.74	11.59	13.08	8.68	14.08	8.12	12.5	11.78	13.47	9.45
NB012	6.78	10.91	13.15	11.86	14.07	12.44	9.04	13.1	8.21	16.32	5.23	16.09	12.96	8.62	11.28	8.15	12.03	13.4	10.8	12.14	9.96	12.06	10.47	15.23	10.38	14.61	9.58	14.04	9.19
NB014	6.1	9.76	12.96	11.54	12.91	13.87	6.83	14.14	6.7	15.71	6.29	16.24	14.32	8.06	10.4	6.65	11.57	13.65	8.77	13.11	8.71	11.77	10.49	14.17	10.21	14.48	7.31	12.67	8.69
NB016	7.93	10.01	12.68	11.57	13.23	14	7.58	13.86	8.06	14.97	7.03	15.08	13.79	8.45	10.8	7.37	12.97	13.56	8.94	12.8	8.6	11.7	9.18	14.33	9.15	14.09	7.6	12.41	9.77
NB018	6.97	9.37	13.64	11.88	12.02	13.73	8.68	14.94	8.32	16.06	6.24	16.33	14.36	8.04	10.33	7.71	12.06	14.19	10.08	12.49	9.67	12.01	9.17	15.16	11.1	14.2	9.33	13.17	8.74
NB020	6.79	10.8	12.42	11.31	13.1	13.68	8.01	14.22	7.59	15.63	6.34	15.57	13.83	7.93	10.21	7.2	12.06	12.76	9.09	12.74	10.28	11.57	10.04	14.91	9.82	14.15	8.9	13.31	9.41
NB022	7.42	9.2	12.33	11.29	12.34	14.3	8.75	14.6	6.92	16.22	6.05	16.38	13.65	8.27	10.6	7.78	12.03	13.71	9.2	11.59	9.66	12.56	9.63	15.23	9.03	15.15	8.42	13.18	8.97
NB028	7.04	10.47	12.81	11.47	14.32	14.16	9.18	14.45	8.77	16.82	7.51	15.71	13.82	8.77	11.4	8.08	11.64	13.75	9.43	12.98	10.04	11.05	10.31	15.84	10.75	14.96	10.15	14.43	9.7
NB030	7.18	10.31	12.99	11.79	13.08	13.79	9.8	14.73	8.65	16.65	6.32	16.52	14.37	8.64	10.9	7.94	11.96	12.82	10.24	12.58	10.23	11.32	9.26	15.16	10.09	14.42	9.46	13.86	9.38
NB032	6.73	10.5	12.92	11.36	13.05	13.58	7.17	14.35	7.82	15.4	5.82	15.91	14.18	7.97	10.59	6.92	11.7	13.19	8.89	12.74	9.27	12.1	9.69	14.62	9.24	14.11	8.03	13.06	8.84
NB034	7.7	8.99	12.33	10.75	12.19	14.25	9.31	13.43	7	15.73	6.47	15.1	13.77	7.95	10.2	7.79	12.51	12.84	9.22	12.3	9.34	12.04	9.28	14.8	8.91	15.04	8.24	12.7	9.44
NB036	6.12	10.06	13.09	11.53	14.07	13.14	7.47	15.01	8.58	15.82	6.6	16.3	14.47	7.69	9.94	6.51	11.86	14.55	8.97	12.86	8.95	11.89	9.75	15.39	9.5	13.88	8.21	12.71	9.84
NB038	6.72	10.08	12.62	11.23	13.2	13.6	8.18	14.15	6.74	15.98	6.34	16.17	14.45	9.24	10.66	7.46	12.26	13.18	9.73	12.95	9.49	12.36	10.28	14.79	11.12	14.33	9.11	13.56	9.33
NB042	6.44	9.89	12.48	11.52	12.25	13.11	6.99	14.24	7.25	15.5	6.45	16.42	13.38	7.94	10.08	6.56	11.61	14	8.45	13.33	8.43	11.98	9.85	14.4	10.14	13.86	7.4	12.37	8.83
NB044	6.6	11.56	12.91	11.65	13.41	13.75	8.41	14.11	8.8	16.82	7.12	16.26	14.24	9.26	11.19	7.27	11.6	14.11	9.84	12.62	8.87	12.09	10.12	15.68	10.4	14.55	8.65	14.16	9.86
NB046	6.31	10	12.34	11.03	13.02	13.69	8.15	14.09	7.39	15.53	6.58	15.44	13.76	7.61	10.72	8.14	11.64	13.76	9.8	12.29	10.03	11.37	9.77	15.3	9.65	14.29	8.95	13.66	9.34
NB048	7.33	9.58	12.87	11.05	13.53	13.36	6.55	14.19	8.52	15.59	7.21	15.56	14.1	8.17	10.17	6.12	11.52	14.02	9.08	13.53	8.72	11.8	9.43	14.25	10.99	14.09	7.73	12.13	8.97
NB050	6.27	10.54	12.3	11.14	13.14	13.34	6.89	14.28	7.5	15.76	6.15	15.35	13.39	9.02	10.45	6.72	11.97	13.32	8.85	12.25	8.7	12.59	8.97	14.61	9.71	14.1	7.49	12.79	9.09
NB052	6.37	11.01	12.5	12.27	15.34	13.85	7.09	14.32	10.47	16.97	6.43	17.27	14.02	9.22	10.96	6.77	11.39	13.46	8.71	12.94	9.3	11.13	9.22	15.55	10.92	14.51	7.67	13.64	9.72
NB054	7.44	8.3	12.93	11.26	12.08	14.04	8.31	13.75	6.09	16.94	6.37	16.49	14.14	8.25	11.14	7.92	11.72	12.37	9.58	12.92	10.09	11.39	9.68	15.12	8.21	15.06	9.62	13.85	8.62
NB056	7.25	11	12.36	11.74	13.71	14.13	8	14.39	8.26	15.77	6.66	16.26	13.9	7.66	11.14	7.26	11.57	13.33	9.72	13.22	9.49	11.03	11.01	15.69	10.58	14.91	9.21	13.42	8.43
NB060	6.81	11.27	12.5	11.98	14.91	14.58	7.29	14.35	8.56	16.32	6.68	16.2	13.47	8.18	10.82	6.34	11.67	13.66	8.53	12.61	8.72	11.15	10.94	15.63	9.67	15.7	7.55	13.75	9.22
NB062	7.06	10.37	12.22	10.54	13.72	13.88	8.78	13.76	8.45	16.14	6.63	15.45	13.07	7.98	10.61	7.98	11.89	13.07	10.02	12.25	10.58	11.42	10.24	14.96	9.79	14.57	9.41	13.35	9.48
NB064	7.23	10.07	12.43	11.12	13.88	14.03	10.69	14.28	9.06	16.03	5.8	16.05	13.82	9.47	11.06	8.88	12.07	13.18	10.51	13.22	10.64	11.11	10.25	15.75	10.44	14.88	10.76	13.82	9.21
NB080	9.42	10.04	9.45	9.18	12.32	12.24	11.38	13.83	7.88	14.36	6.27	14.34	11.21	7.83	10.53	10.46	13.09	12.22	11.92	11.84	12.11	12.27	7.81	14.88	8.03	13.24	11.62	13.36	9.58
NB090	7.55	11	11.53	11.64	12.4	13.26	9.57	14.53	7.39	16.46	6.31	15.15	12.59	8.07	6.65	8.08	12.04	12.67	9.66	12.56	10.21	11.36	8.54	14.46	8.17	14.03	9.1	13.02	9.75
NB092	7.35	9.65	10.05	9.23	11.57	13.2	9.31	13.11	6.05	16.02	6.29	15.45	11.91	8.35	9.06	9.34	12.36	12.25	10.97	11.76	11.3	12.18	9.07	13.84	8.57	14.18	10.61	12.68	8.43
NB094	7.44	10.25	10.01	9.06	10.48	12.9	9.54	13.68	6.66	16.15	6.03	15.4	11.78	8.16	9.63	8.22	12.88	11.6	10.03	12.13	9.68	11.99	9.49	14.62	9.29	13.94	9.65	11.76	8.67
NB096	8.21	10.23	13.45	10.7	12.9	13.59	10.24	13.44	9.05	15.06	6.27	15.67	15.11	7.22	10.88	8.8	12.98	13.57	11.01	12.19	10.93	12	9.15	14.8	11.35	14.25	10.61	13.71	9.33
NB098	7.55	10.27	13.26	10.24	14.68	14	9.95	13.88	9.3	16.42	7.27	16.08	14.85	8.19	11.19	8.28	12.29	12.83	10.47	12.13	10.69	10.91	11.15	15.03	9.67	14.86	10.62	14.31	10.68
NB100	7.35	10.24	13.07	11.19	14.05	14.91	7.76	13.92	8.77	16.71	6.28	15.62	14.26	8.86	11.07	6.76	11.33	13.28	8.84	13.27	9.25	11.6	10.28	15.17	10.45	15.66	8.26	14.06	9.35
NB102	6.85	10.21	12.28	11.21	11.88	13.09	8.81	13.69	6.82	14.47	7.9	15.54	13.88	7.43	10.7	7.62	12.16	13.58	10.36	12.6	10.31	12.28	9.69	14.72	9.74	14.05	9.15	13.55	9.07
NB104	7.2	10.78	13.32	11.72	14.64	14.25	9.68	14.76	8.61	16.27	5.81	15.93	14.46	9.19	11.35	7.81	12	15.07	9.53	13.28	9.47	11.52	10	14.55	10.55	14.15	9.03	14.33	9.41
NB110	7.95	10.54	13.27	11.55	15.02	14.17	9.01	14.63	8.64	16.18	6.75	16.26	14.58	8.2	11.73	8.2	12.3	14.09	9.91	12.18	9.25	11.34	10.09	15.39	11.03	14.73	9	14.4	9.1
NB114	7.35	10.65	13.87	10.62	15.2	15.6	7.47	14.18	9	16.8	7.57	16.72	14.5	8.16	10.87	6.35	11.24	13.43	8.25	13.17	8.4	11.08	11.76	15.09	10.89	15.74	7.5	13.49	9.15
NB116	7.28	10.33	13.37	11.74	13.63	13.95	9.05	14.14	9.2	15.48	6.59	15.86	14.26	8.55	10.84	8.6	12.38	14.26	10.43	12.37	10.23	11.65	9.48	14.78	10.01	13.72	9.39	13.71	9.18
NB118	6.43	11.57	13.39	11.28	14.62	13.68	8.96	14.39	10.52	15.8	5.87	16.04	14.38	8.55	11.34	7.71	11.96	14.15	10.23	12.82	10.39	11.24	10.08	15.4	10.43	14.09	9.68	14.09	9.97
NB120	7.36	10.37	13.42	11.19	14.17	14.12	9.88	14.35	8.39	16.66	6.11	16.17	14.35	8.29	11.05	8.16	11.9	13.57	10.19	12.76	10.18	11.16	11.23	15.34	11.44	14.67	10.14	13.81	9.84
NB122	9.36	10.31	11.29	9.51	10.53	12.89	10.29	13.63	7.66	14.69	6.76	13.87	13.06	9.56	9.45	10.42	12.27	12.37	11.3	13.48	11.87	12.44	7.95	14.29	9.18	13.28	10.59	12.41	9.23
NB126	7.13	10.11	13.12	11.69	13.96	14.51	7.86	14.28	8.83	16.69	6.81	16.14	14.64	8.91	11.47	7.68	11.71	14.16	9.22	13.55	9.19	11.49	10.94	15.57	11.39	15.04	8.33	13.62	9.66
NB134	7.32	9.96	12.68	10.95	11.96	13.39	9.56	14.81	7.95	14.6	6.63	15.22	14.6	8.67	9.43	8.89	12.46	13.64	11.07	13.1	11.27	11.78	9.99	14.82	10.01	14.05	10.2	13.52	9.78
NB136	8.03	9.56	9.31	9.8	10.93	12.04	10.39	14.21	6.17	15.05	6.37	14.25	11.31	6.83	10.4	9.42	13.01	11.61	11.67	11.64	11.52	12.63	9.38	14.34	9	13.26	11.01	13.18	9.28
NB140	8.22	10.13	11.46	11.24	12.8	13.44	9.94	13.36	9.47	16.63	6.23	15.9	11.84	9.4	10.36	9.13	11.81	12.46	11.34	13.18	11.68	13.39	8.55	14.65	11.21	14.06	10.01	13.07	9.98
NB148	7.49	11.31	14.01	12.02	14.22	14.14	9.63	14.77	9.12	15.75	6.05	16.06	15.05	8.35	10.63	9.03	12.5	14.35	10.81	12.97	10.17	11.36	9.33	14.93	10.61	14.56	9.66	13.9	9.28
NB152	7.77	10.3	12.41	10.89	14.14	14.69	8.25	14.68	7.85	15.82	6.48	15.9	13.57	7.67	11.11	7.42	11.83	13.36	9.9	12.51	10.1	11.95	9.56	15.1	10.83	15.2	9.18	13.55	9.93
NB154	7.52	10.96	13.22	11.82	14.01	14.39	8.97	14.69	8.79	15.98	7.04	16.3	14.56	7.55	11.04	8.11	12.08	13.97	9.91	13.06	9.58	11.53	9.83	14.91	11.59	14.33	9.54	13.85	9.91
NB156	8.86	10.38	13.34	11.91	12.5	14.25	9.97	14.74	8.91	16.41	6.74	15.92	14.49	9.24	11.53	8.7	12.13	13.7	10.24	13.9	10.45	11.63	10.2	15.39	11.4	14.56	10.34	13.46	8.85
NB158	7.07	11.21	13.05	11.17	13.91	14.02	10.57	14.68	9.92	15.42	6.58	15.39	14.65	7.94	10.83	8.69	12.38	13.87	11.07	13.06	10.48	11.5	9.58	14.91	10.87	14.17	10.37	13.51	9.71
NB160	7.12	10.54	13.73	12.02	14.6	14.54	7.92	14.76	7.01	17.1	6.29	16.11	15.33	8.94	10.86	6.86	11.64	13.83	9.1	13.29	8.58	11.53	9.95	14.82	11.22	14.67	8.17	13.46	10.39
NB162	6.48	10.49	12.32	10.9	13.3	12.99	7.96	14.23	7.56	15.35	6.9	15.57	13.72	8.82	9.77	7.16	11.9	13.84	8.97	13.48	8.79	12.07	9.95	14.76	8.76	14.03	8.33	13.15	10
NB164	6.47	11.18	14.12	12.16	14.12	13.5	8.34	14.7	7.91	16.71	6.75	16.18	15.45	9.35	10.98	7.23	12.08	14.82	9.45	13.35	8.9	11.86	9.79	15.24	10.72	14.43	9.05	13.87	10.22
NB166	7.84	10.58	11.72	10.92	13.8	13.6	9.59	14.54	8.89	15.95	6.55	15.67	13.15	8.07	11.44	8.5	12.09	13.94	9.65	12.74	9.97	11.4	9.51	15.06	10.33	14.08	9.83	13.47	8.9
NB168	6.42	10.94	12.59	11.01	14.34	13.84	8.7	14.37	7.88	15.61	6.98	15.28	13.64	7.71	10.84	7.2	11.97	13.53	9.11	12.81	9.47	11.57	9.58	14.65	10.27	14.11	8.15	13.32	9.23
NB172	7.14	9.95	11.78	11.32	12.16	13.57	10	14.95	7.18	16.31	6.8	16.78	13.76	8.32	10.28	8.08	11.78	12.79	9.9	12.74	10.04	11.39	10.14	15.47	9.21	14.14	10.25	13.46	9.14
NB174	7.69	10.88	11.79	11.65	13.43	14.09	10.07	13.92	7.44	15.02	7.16	16.24	13.75	8.93	10.66	9.41	12.32	11.92	11.24	11.71	10.98	11.32	10.05	14.49	8.23	14.43	10.31	13.3	8.82
NB178	7.86	11.36	13.07	11.72	14.13	13.76	9.98	14.91	8.57	16.53	6.58	16.16	14.45	9.45	11.56	8.84	11.91	13.31	10.85	13.53	10.59	11.57	10.32	15.27	11.19	14.37	10.46	14.2	9.67
NB180	7.01	10.52	12.18	11.14	12.96	13.86	8.56	13.87	6.87	16.61	7.21	16.22	13.33	8.72	9.46	7.52	11.61	12.9	9.37	11.81	9.74	11.56	10.08	15.47	9.63	14.8	8.8	13.73	9.41
NB182	7.29	10.72	13.31	11.25	13.61	13.46	8.32	14.71	8.64	16.49	6.39	16.43	14.54	8.48	10.4	7.46	11.55	13.53	9.66	12.18	9.8	11.73	9.92	15.14	11.01	14.29	9.18	14	9.6
NB188	7.52	9.34	10.91	9.84	12.13	11.67	9.38	13.49	4.94	13.75	7.33	14.53	13.09	7.37	9.95	9.18	12.48	13.69	10.33	13.12	10.83	13.39	8.9	14.49	9.2	12.86	9.83	13.22	9.67
NB190	7.98	10.28	11.22	11.46	11.69	12.73	10.31	14.06	7.69	14.1	6.79	16.05	13.8	8.23	9.91	9.13	11.98	12.02	10.86	13.66	10.92	12.89	8.99	15.14	10.22	13.58	11.19	13.18	9.9
NB192	7.85	9.85	11.84	10.46	12.24	12.81	9.54	13.42	7.53	15.35	6.18	15.79	13.38	7.99	10.29	8.61	12.79	12.45	10.85	12.04	10.37	12.12	8.33	14.55	7.66	13.27	9.69	13.03	8.5
NB194	8.39	9.09	11.46	10.49	11.39	12.55	10.5	13.74	6.12	14.67	6.23	14.88	12.51	7.19	8.84	9.4	12.52	11.84	11.37	10.73	11.94	12.31	9.32	14.27	7.22	13.17	11.08	13.54	9.37
NB198	9.04	8.95	9.49	9.62	11.21	11.73	11.16	14.45	5.9	14.65	6.5	14.57	11.29	6.93	10.34	10.01	13.28	11.84	11.68	11.51	11.8	13.2	8.28	14.05	8.39	12.34	11.33	13.38	9.48
NB200	7	10.58	13.16	11.22	14.04	14.09	7.27	14.73	8.9	16.1	6.12	15.75	14.38	8.49	11.15	6.65	11.96	14.33	8.54	13.22	8.68	11.81	10.53	14.94	10.46	14.45	7.53	13.54	9.39
NB202	8.03	10.58	11.79	11.49	12.47	14.24	9.82	14.53	8.58	15.68	6.82	16.3	14.12	8.58	10.29	9.12	12.38	14.39	10.45	12.57	11.04	11.72	9.92	14.93	10.08	14.44	10.13	13.68	9.21
NB204	7.68	10.02	12.77	10.08	13.9	13.75	8.76	14.9	8.71	14.98	6.47	15.72	13.63	7.46	10.16	8.55	12.28	13.55	10.43	12.32	11.11	11.91	11.22	14.99	10.08	14.26	10.37	13.51	9.39
NB206	8.59	10.14	12.27	11.11	13.8	14.19	10.62	14.05	9.88	16.12	6.45	16.06	13.9	8.92	10.72	8.98	11.58	14.39	10.97	12.89	11.24	11.53	9.89	15.3	10.73	14.84	10.46	13.7	9.01
NB208	6.93	10.76	12.4	11.87	15.12	14.02	7.92	14.47	9.41	16.25	6.86	15.87	14.89	8.34	11.31	7.34	12.16	14.51	8.93	13.87	8.73	11.41	10.12	15.34	11.16	14.76	8.2	13.93	10.17
NB210	7.18	11.18	13.67	11.83	15.04	14.55	8.68	14.47	8.87	16.31	6.46	15.91	14.8	8.74	12.03	7.13	11.76	14.09	9.33	13.65	9.06	11.08	9.8	15.39	10.86	14.58	8.7	13.75	9.42
NB214	7.08	10.4	12.57	11.44	12.35	13.43	10.37	14.34	9.06	14.76	6.64	15.73	15.14	8.91	10.06	8.84	12.13	13.47	11.48	12.45	10.25	12.59	9.57	14.42	10	14.29	10.41	13.72	8.93
NB216	6.43	9.62	12.24	10.47	14.55	12.96	9.14	13.85	8.21	14.58	5.75	15.32	13.36	7.25	11.16	7.79	11.81	13.42	10.58	12.22	9.74	11.55	9.99	15.03	10.06	13.64	9.26	14.2	9.28
NB218	7.94	9.98	12.2	12.42	13.84	14.76	9.79	14.48	9.85	15.9	6.38	16.08	13.53	7.74	10.67	8.95	11.94	14.15	10.78	13.08	11.02	11.43	9.83	15.47	10.7	15.13	10.06	13.82	9.42
NB220	6.59	9.9	13.14	11.74	13.15	14.27	7.14	14.49	7.29	16.28	7.03	15.9	14.14	7.84	10.19	7.16	11.68	13.93	8.69	13.68	9.02	11.79	10.75	15.71	9.69	14.88	7.94	13.48	9.87
NB226	6.93	11.39	13.71	12.11	14.69	14.9	7.35	14.67	6.31	16.6	6.06	16.69	14.96	8.7	11.41	6.07	11.53	13.69	8.33	13.12	8.6	12.18	10.26	14.85	10.48	15	7.21	13.73	9.52
NB228	7.74	9.59	12.71	11.95	14.47	14.09	10.62	14.23	8.88	15.76	6.53	16.1	14.39	7.64	10.91	8.45	12.21	13.64	10.45	12.7	10.32	11.43	11.3	15.8	11.21	14.66	10.04	14.57	9.39
NB242	10.01	8.51	10.49	10.8	9.01	11.96	12.44	14.08	5.49	14.04	5.85	14.04	12.38	6.9	9.52	10.97	12.9	12.17	12.29	11.88	12.24	12.03	7.06	15.07	10.07	12.75	12.41	13.66	9.13
NB244	6.81	10.17	12.18	10.48	13.03	12.9	7	13.87	7.2	15.64	6.72	16.3	13.01	8.88	10.35	6.47	11.61	13.07	8.37	12.37	8.41	13.24	8.54	13.63	8.53	13.53	7.16	12.45	9.09
NB250	6.9	10.94	10.62	10.66	13.03	12.15	10.58	13.52	5.63	14.83	6.53	14.94	11.82	8.54	9.55	8.92	12.38	11.6	11.05	11.91	11.29	12.3	9.72	14.91	8.81	13.32	10.29	13.98	9.52
NB252	9.66	9.51	12.49	11.88	12.98	12.66	12.18	14.46	8.16	14.24	6.19	15.81	13.81	7.19	10.32	10.5	12.29	11.91	11.95	12.15	12.13	12.24	8.54	14.57	9.11	13.09	11.52	13	8.67
NB256	9.65	8.83	10.53	10.54	11.13	11.43	12.09	14.43	5.68	14.02	6.36	14.46	12.04	6.29	9.86	10.33	13.51	9.4	12.07	10.87	11.39	13.2	8.18	13.69	7.69	12.41	11.61	13.28	9.06
NB262	9.54	8.82	9.85	8.43	10.82	11.17	11.02	14.3	5.89	14.26	5.5	14.29	11.55	7.07	9.63	10.07	13.63	10.42	11.71	11.17	11.57	13.26	8.41	13.87	7.58	11.9	11.36	13.35	8.99
NB264	7.82	9.39	10.19	9.01	13.1	12.66	10.1	13.74	5.88	14.13	5.93	14.95	11.79	6.84	9.87	8.42	12.54	12	10.2	10.61	11.47	12.32	8.78	14.02	8.82	13.36	10.26	12.94	8.45
NB268	9.99	8.35	8.9	9.11	11.21	12.01	11.95	14.94	6.18	14.79	6.46	14.48	10.75	6.66	9.43	11.22	13.79	12.24	12.13	11.39	11.76	12.46	7.46	13.51	6.68	11.9	11.89	12.71	8.73
NB270	9.6	9.25	11.16	10.57	11.97	12.08	10.82	14.33	5.65	14.53	6	14.51	11.87	7.22	10.7	9.69	13.49	11.38	11.63	11.45	10.03	12.77	9.13	14.02	7.59	12.8	11.21	13.49	9.51
NB274	7.01	10.04	12.38	11.65	13.28	14.23	8.46	14.05	7.52	16.33	6.08	15.58	13.72	7.77	11.32	7.75	11.72	14.08	9.32	12.29	9.69	11.43	10.06	15.08	10.15	14.84	9.05	13.85	9.03
NB276	7.18	10.04	12.42	12.07	12.66	14.31	9.01	14.1	7.8	15.86	6.77	15.41	14.1	7.73	10.78	7.5	11.95	13.28	9.58	12.45	9.89	11.42	10.02	15.6	10.37	14.94	8.8	13.56	9.12
NB278	7.99	9.65	10.48	9.4	13.22	13.59	10.8	13.5	7.49	13.94	7.32	14.89	12.2	7.65	10.17	8.65	12.65	12.36	11.17	11.87	12.82	11.19	8.9	14.36	9.34	14.19	10.7	13.42	8.66
NB286	8.13	10.06	12.95	11.23	14.13	14.37	8.57	14.67	8.57	15.75	6.41	15.39	14.37	7.4	11.54	7.44	11.96	13.45	9.45	12.18	9.26	11.61	9.96	15.03	11.5	14.19	8.09	13.73	8.84
NB288	7.29	10.29	13.23	11.52	12.91	14.37	9.92	14.26	7.6	15.28	7.14	15.34	13.95	7.84	11.08	8.26	11.67	12.17	10.35	12.73	10.68	11.73	10	15.2	9.71	14.79	10.1	13.54	9.39
NB290	9.05	9.92	10.24	9.58	13.86	12.86	11.13	13.59	6.99	14.03	6.91	14.94	12.05	6.64	10.66	9.62	12.54	11.18	11.37	11.43	12.11	11.36	8.73	14.52	10.23	13.7	11.19	13.48	9.08
NB294	6.49	10.76	13.57	12.07	14.5	13.56	8.08	14.29	7.97	16.2	5.99	16.17	14.97	8.32	11.23	7.48	12.17	13.98	9.43	13.17	9.07	12.13	9.68	15.58	11.64	14.59	8.43	14.34	9.86
NB296	6.56	11.01	12.71	11.03	14.63	14.58	6.58	14.63	7.96	16.37	7.24	15.79	14.38	8.06	11.1	6.16	11.58	13.82	8.35	12.94	8.38	10.93	10.73	15.33	9.95	15.21	6.66	13.27	10.15
NB304	8.03	10.13	12.01	11.04	11.33	13.73	10.87	14.83	7.81	15.62	7.42	15.27	13.66	7.94	10.04	9.28	12.38	13.98	11.56	12.52	11.18	12.7	9.5	14.89	9.33	14.32	11.39	12.93	9
NB308	7.67	10.45	10.52	10.35	14.51	13.55	10.22	13.15	7.15	14.92	7.38	15.41	11.92	7.71	10.9	8.09	11.74	12.78	10	12.52	11.73	11.56	10.23	14.61	10.09	14.29	9.94	13.45	9.05
NB314	10.08	8.97	11.55	10.69	12.54	12.07	10.56	13.93	7.12	14.47	5.89	15.04	12.73	7.15	9.23	9.4	13.03	12.01	11.47	11.61	11.25	12.36	8.22	13.96	8.23	13.04	10.7	13	8.75
NB316	7.73	9.57	11.21	10.26	12.64	12.38	8.82	14.24	6.9	14.76	6.82	14.77	12.43	7.47	10.76	8.12	12.58	12.56	9.62	12.36	9.68	12.2	8.69	14.17	8.95	13.2	8.85	13.02	9.41
NB318	6.86	10.89	12.92	11.51	14.12	13.97	8.86	14.19	8.17	15.91	6.2	16	13.87	7.74	10.76	7.57	12.05	13.38	9.67	13.25	10.63	11.52	9.01	14.92	10.35	14.79	9.46	13.91	9.56
NB320	9.7	9.77	11.77	10.05	11.31	12.1	10.13	13.98	6.41	16.16	6.24	14.81	13.11	8.67	10.61	9.77	12.98	11.23	11.05	13.08	11.03	12.19	9.28	14.3	8.82	12.6	10.19	13.4	7.45
NB322	7.16	10.59	9.34	9.4	9.97	10.9	10.41	13.53	5.7	13.66	5.69	14.17	10.95	8.54	10.04	9.16	13.77	11.25	11.52	10.33	10.99	12.92	8.93	13.81	7.23	11.69	10.02	12.65	9.97
NB324	6.76	11.09	13.49	12.21	13.59	14.68	7.85	14.71	9.45	16.41	6.4	16.3	15.18	8.35	11.03	7.24	12	14.36	9.3	13.21	9.3	12.19	10.54	15.93	11.35	15.24	8.61	13.96	9.59
NB326	8.45	10.33	9.88	7.8	11.98	12.33	10.78	14.39	6.01	14.75	5.95	14.83	11.54	6.97	10.45	9.41	13.39	12.22	11.11	11.89	11.48	13.23	8.94	15	7.93	13.05	11.04	13.55	10.12
NB328	8.56	8.66	10.86	11.17	11.64	11.45	11.35	13.14	7.34	13.46	6.5	14.28	12.23	7.27	10.2	10.65	12.85	10.87	11.77	12.09	11.74	12.56	8.19	13.88	7.2	12.08	11.38	13.17	9.56
NB342	7.31	10.79	13.67	12.24	14.09	14.84	8.33	14.51	8.55	17.1	7.02	16.49	14.26	8.19	11.66	7.98	11.38	14.39	9.55	12.38	10.08	10.97	10.21	15.49	10.58	15.38	8.69	13.8	8.03
NB346	7.29	10.48	13.32	11.35	14.85	14.35	9.2	14.01	8.41	15.91	6.3	15.92	14.38	8.56	11.92	8.21	11.9	13.93	10.17	13.41	10.29	11.24	10.46	15.15	10.23	14.8	9.48	14.06	9.56
NB348	7.3	9.1	13.08	11.97	13.4	14.53	9.57	14.31	8.7	16.25	6.72	16.16	13.84	8.12	10.69	8.3	12.17	13.51	10.04	13.61	10.96	11.79	9.24	15	10.68	15.02	10	13.46	9.27
NB354	8.4	10.02	11.39	11.04	11.67	12.59	11	14.62	7.16	14.38	6.84	14.98	12.61	7.69	9.56	9.68	13.14	10.9	11.34	12.21	11.2	12.6	8.64	14.29	7.89	13.31	11.24	13.24	9.53
NB356	5.71	11.39	12.72	11.46	13.87	13.19	8.18	14.06	8.15	16.12	5.94	16.35	13.85	8.82	10.37	7.3	11.52	13.42	9.78	12.86	10.8	11.73	9.84	14.39	9.44	13.76	9.11	13.1	9.89
NB360	8.37	9.72	9.23	9.96	9.77	13.47	11.11	12.61	6.4	15.42	6.33	15.69	11.79	8.83	9.52	9.93	12.56	12.01	11.75	12	11.34	12.62	7.79	14.1	7.68	14.53	11.36	13.18	9.08
NB362	8.99	9.39	9.22	8.95	11.15	11.86	10.29	12.72	6.48	14.34	6.61	15	9.53	6.86	9.62	8.15	11.5	11.78	10.92	11.24	11.89	12.28	8.3	13.02	8.86	12.81	9.43	12.76	8.63
NB364	6.85	9.17	12.51	10.23	13.19	13.95	8.97	13.5	8.17	15.55	7.14	16.05	14.4	8.19	10.73	7.72	12.19	13.78	9.93	12.26	10.01	11.25	9.32	14.91	10.1	15.04	8.94	13.74	9.4
NB366	6.76	10.15	12.92	10.11	13.44	13.59	10.06	13.75	9.26	15.23	5.69	15.48	14.55	7.6	10.33	8.36	12.56	12.38	11.09	12.75	10.03	11.97	9.24	14.4	10.56	14.06	10.65	13.34	9.59
NB368	7.22	9.22	13.24	10.7	13.59	14.14	8.69	13.88	7.74	16.22	7.47	15.58	14.28	7.63	11.23	8.12	11.57	13.33	9.79	12.52	10.1	10.96	10.26	14.83	11.37	14.84	9.85	13.82	8.4
NB370	6.22	10.02	12.09	10.73	14.02	14.01	8.72	13.11	7.5	14.84	6.68	16.62	13.43	8	11.63	8.44	12.16	13.34	10	13.77	10.73	11.21	10.96	15.56	9.41	14.75	10.23	14.48	10.15
NB376	8.07	7.88	12.43	9.98	11.14	12.74	10.41	13.2	5.88	14.52	5.81	14.74	12.7	7.31	9.12	9.15	12.49	12.41	11.24	10.03	11.83	13.3	7.97	13.92	8.25	13.5	10.89	12.13	8.84
NB378	9.9	8.57	10.42	9.04	11.67	11.65	11.44	14.24	6.82	14.21	5.65	14.37	11.51	6.8	9.3	10.19	13.46	10.92	12	9.79	11.8	13.09	9.24	14.57	7.73	12.42	12.06	13.66	9.46
NB384	8.69	10.79	10.85	10.58	13.74	13.51	11.1	14.3	6.27	15.47	6.31	15.42	12.43	8.58	10.34	10.22	12.8	11.92	11.48	11.65	11.86	11.64	9.21	14.95	10.12	14.27	11.58	13.69	9.38
NB386	6.89	10.59	11.9	9.76	11.32	13.33	9.03	13.7	7.77	14.96	7.06	15.43	13.03	9.18	9.6	8.39	11.62	13.22	10.45	13.77	10.49	12.05	8.58	13.89	8.13	13.7	10.37	12.07	8.92
NB388	9.07	8.81	10.16	10	11.04	12.3	11.41	13.32	6.03	14.32	5.9	14.95	11.22	7.15	9.79	9.45	12.79	11.78	11.24	11.54	10.93	12.78	8.14	14.15	7.49	12.91	10.86	12.8	8.45
NB392	7.97	9.66	10.3	11.47	11.43	13.19	11.94	12.98	6	14.91	6.89	15.69	11.67	7.73	10.51	10.33	12.8	11.37	12.01	11.08	11.5	13.77	8.1	14.16	7.36	13.79	11.67	13.22	9.4
NB396	8.44	10.23	11.22	11.65	11.41	12.38	10.02	14.34	7.77	14.43	6.33	15.21	12.41	7.08	8.97	9.04	12.69	12.86	11.14	11.04	10.8	12.75	7.54	14.01	7.96	13	9.95	11.81	8.48
NB404	8.69	9.1	11.13	9.08	10.06	12.62	10.06	14.39	5.36	14.4	5.58	14.29	11.9	7.62	8.31	9.56	13.46	10.77	11.6	11.52	11.45	12.93	8.87	14.67	9.46	13.31	11.02	12.6	9.23
NB406	7.94	10.07	10.05	10.11	11.58	11.74	10.87	14.21	5.34	14.26	6.12	14.87	11.45	7.01	9.46	9.51	12.97	11.28	11.42	11.66	11.45	12.41	9.39	13.69	7.88	13.24	11.29	13.05	8.62
NB408	9.04	9.71	10.02	11.52	13.33	12.24	10.27	14.41	7.37	14.92	5.87	15.25	14.08	8.02	10.81	8.82	13.17	12.16	10.48	12.4	10.99	12.98	8.3	14.57	7.57	12.88	10.12	13.08	9.99
NB414	8.95	8.68	9.58	10.25	11.54	11.12	11.04	14.53	6.55	14.07	5.94	14.46	11.29	7.1	9.72	10.35	13.72	11.03	12.05	12.56	11.58	13.02	8.23	14.27	7.82	11.91	11.81	13.03	9.28
NB420	8.28	10.54	13.31	12.31	13.3	14.35	7.92	14.54	8.38	16.56	7.17	15.55	13.07	9.37	11.79	8.47	11.58	14.19	9.24	13.48	9.42	11.51	11.1	16.06	10.65	14.92	8.91	13.59	10.15
NB458	7.56	10.02	9.77	10.41	10.06	13.21	11.37	13.04	5.68	15.07	7	15.32	11.49	8.11	10.1	10.76	12.4	10.78	11.64	11.51	11.07	13.59	8.06	13.63	8.71	13.18	10.53	12.97	9.46
NB470	6.71	11.11	13.12	11.63	13.73	13.79	9.75	14.45	8.7	14.91	6.24	15.79	14.12	7.67	10.6	7.77	11.98	13.33	10.52	13.16	10.66	11.74	9.6	14.99	9.47	14.16	9.78	13.97	8.44
NB472	8.42	10.77	11.7	11.17	13.47	13.93	10.86	14.69	6.86	15.94	7.09	15.75	14.04	7.43	10.2	9.22	12.48	13.27	11.08	12.35	10.81	10.87	10.18	14.83	8.96	14.72	11.65	13.78	9.57
NB492	9.2	9.77	9.66	10.47	12.3	12.53	10.48	14.35	8.72	15.09	6.44	14.91	11	7.3	11.11	9.48	12.86	11.17	11.34	11.69	11.21	12.32	9.3	14.05	8.54	12.99	10.68	13.05	10
NB494	7.56	10.59	13.59	11.88	14.13	13.78	9.1	15.05	8.1	15.54	7.18	16.02	14.88	8.13	11.3	7.86	12.74	13.91	9.62	13.03	9.99	11.99	9.25	14.74	11.25	13.78	9.11	13.31	8.58
NB498	7.04	9.68	10.52	9.45	13.89	13.35	8.12	12.86	7.11	15.6	6.74	15.34	12.42	7.47	10.22	7.56	12.23	12.01	9.4	12.4	9.13	12.91	9.87	14.22	9.77	14.51	9.12	13.22	9.05
