sample_ID	Hs62711.3	A_23_P88489	A_32_P122703	A_24_P355626	A_24_P838448	A_23_P386	A_24_P413884	A_23_P24515	A_23_P338578	A_23_P207742	A_23_P152234	A_32_P88479	A_23_P396765	A_23_P361544	A_23_P427083	A_23_P96325	A_23_P18422	Hs103724.1	A_23_P131866	A_23_P112883	A_23_P212844	A_23_P161918	A_23_P5422	A_23_P89310	A_23_P208779	A_23_P382	A_23_P385861	A_23_P417144	A_32_P180315
NB001	7.9	9.96	9.71	9.84	11.46	12.91	10.96	13.08	7.1	15.33	6.54	15.24	11.51	7.98	9.89	10.28	12.69	11.61	11.43	11.76	10.89	12.66	8.39	14.18	7.29	13.51	11.29	13.08	9.25
NB003	9.76	9.83	10.3	10.66	10.33	11.75	11.12	14.45	7.03	14.46	6.27	14.29	11.44	6.77	10.32	9.73	13.28	11.47	11.54	11.39	11.15	12.67	8.47	13.99	6.48	12.23	11.22	13.17	9.14
NB005	9.06	9.26	10.77	9.96	11.34	11.99	10.75	14.27	5.59	14.55	5.69	14.67	11.95	6.92	10.16	9.87	13.22	11.79	11.32	11.48	11.97	12.61	8.72	13.88	7.98	12.73	11.1	13.58	9.1
NB011	6.45	10.2	12.33	10.66	13.65	14.13	8.08	14.17	7.39	16.5	6.43	15.85	13.95	8.48	11.06	6.84	11.87	14.08	9.53	12.16	9.87	11.41	9.55	15.23	10.8	14.98	9.01	13.71	9.52
NB013	6.15	11.41	9.92	8.12	13.06	13.12	8.79	13.22	7.07	15.18	7.61	14.18	11.03	7.95	8.5	7.55	11.7	13.01	10.07	12.32	9.94	11.39	9.9	13.75	7.76	13.84	8.6	12.24	9.14
NB017	6.34	10.9	12.89	11.33	13.85	14.35	8.15	14.13	7.59	16.24	6.64	15.63	14.46	8.32	11.39	7.66	12.11	13.98	9.79	12.64	9	11.25	10.23	15.13	10.33	14.88	8.76	14.36	9.34
NB019	6.8	10.53	12.35	10.42	12.11	13.83	9.87	13.22	7.41	16.49	6.88	15.94	14.07	8.55	10.75	8.42	11.95	12.79	10.89	13.03	11.21	11.75	9.79	15.19	10.9	14.51	11.17	13.66	9.28
NB021	6.36	9.78	13.03	10.84	12.4	12.76	7.48	14.11	6.88	15.44	5.54	16.05	14.24	8.57	10.47	6.95	11.86	13.77	8.71	11.53	10.09	11.83	9.12	13.1	9.53	13.26	7.95	12.08	8.55
NB023	7.05	10.65	12.71	11.63	12.98	13.58	7	14.28	7.81	15.96	6.19	16.08	13.83	8.62	10.7	6.66	11.82	13.47	8.4	12.07	8.88	12	9.63	14.57	9.28	14.27	7.72	13.43	8.76
NB025	6.31	10	12.8	11.56	12.49	13.34	8.45	14.68	6.11	16.53	5.96	16.52	14.06	9.03	10.32	6.94	11.7	13.81	9.26	12.16	9.44	11.55	10.12	14.63	8.07	14.27	8.51	12.97	8.83
NB027	6.59	10.52	12.25	10.72	13.38	13.81	8.14	13.84	7.23	16.34	6.23	15.77	13.29	8.61	10.82	7.75	11.7	12.92	9.32	12.49	9.67	11.68	10.22	14.83	10.04	14.67	8.49	13.86	9.13
NB029	7.48	9.07	13.79	10.43	12.7	13.89	8.2	13.45	7.44	15.94	6.38	16.48	14.83	7.23	10.98	7.36	12.02	12.19	9.15	12.01	9.08	12.71	9.26	14.64	9.77	14.51	8.3	13.47	8.64
NB031	7.29	8.88	13.37	11.79	13.55	13.16	7.88	14.82	7.26	16.86	6.3	15.92	14.54	7.94	11.04	7.38	11.77	12.97	8.97	13.56	8.97	11.96	8.89	15.01	9.79	13.89	9.23	13.47	9.49
NB033	7.23	10.54	12.38	11.31	14.82	13.54	9.9	14.52	7.49	15.94	6.86	15.91	13.59	8.44	10.71	8.51	11.99	13.24	10.36	12.52	10.74	11.29	9.85	15.02	10.68	14.24	10.33	13.93	10.18
NB035	6.49	10.69	12.54	11.19	12.23	13.73	8.98	13.99	7.48	16.2	5.87	15.63	14.09	7.95	10.43	7.65	12.09	13.52	10.44	13.22	10.21	11.91	9.81	15.16	10.82	14.56	10.08	12.94	9.65
NB037	6.62	10.68	13.35	11.18	13.66	13.78	8.45	14.51	6.91	16.3	6.25	16.11	14.75	8.32	10.65	6.99	12.49	13.78	9.14	12.75	8.84	11.82	10.03	15.32	10	14.66	8.72	14.17	9.6
NB039	6.32	11.14	12.52	12.19	13.3	13.36	8.05	14.02	8.02	15.23	6.1	15.25	13.92	8.78	11.59	7.43	11.81	12.76	9.63	12.52	9.19	11.49	9.82	15.44	10.2	14.02	8.25	13.64	9.76
NB043	6.74	10.72	12.82	10.79	13.9	14.25	9.33	13.52	8.9	16.19	6.47	16.66	14.49	8.53	10.51	7.1	11.74	13.45	9.95	13.67	9.97	11	9.98	15.89	9.86	14.97	9.69	13.98	10.23
NB045	6.53	11.44	12.69	11.14	12.49	14.13	7.46	14.08	6.67	16.4	6.63	15.65	13.69	8.4	11.57	7.34	11.58	14.05	8.97	13.25	8.83	11.22	10.85	15.6	9.98	14.76	8.51	13.87	9.75
NB047	7.39	9.81	12.46	10.98	11.92	14.43	7.27	12.84	6.68	16.8	6.76	16.21	13.87	8.4	10.84	6.71	11.86	11.76	8.05	12.76	8.32	12.05	9.71	14.58	9.29	14.99	7.1	12.74	8.01
NB049	6.31	10.04	12.46	11.14	12.32	13.74	7.82	14.05	6.52	16.13	6.29	16.22	13.42	9.18	11.03	7.3	11.95	13.15	8.85	12.59	9.27	11.87	9.61	14.61	8.34	14.43	8.23	13.15	9.13
NB051	7.86	10.35	13.33	11.6	14.74	15.52	8.03	14.03	8.5	16.4	7.09	16.3	14.28	7.28	11.4	7.1	11.68	12.76	9.14	12.07	8.68	10.92	10.2	15.05	10.68	15.19	7.81	13.8	8.8
NB053	7.99	10.58	12.49	10.41	14.74	14.19	10.12	13.67	8.17	15.31	6.69	15.09	13.99	7.86	10.78	8.62	12.13	13.51	10.95	12.83	11.29	11.42	10.78	15.15	11.97	15.12	10.65	14.11	10.18
NB055	6.7	10.85	12.92	11.69	14.94	13.95	8.07	14.69	9.64	15.65	6.52	16.33	14.18	8.31	11.14	6.82	11.83	13.92	8.82	13.2	9.31	11.34	9.94	15.24	11.43	14.59	8.02	13.6	10.1
NB057	6.82	10.35	12.65	11.01	12.19	13.83	9.69	14.16	7.12	15.95	6.33	15.29	14.05	8.39	11.29	8.3	12.27	13.53	10.51	13.15	10.07	11.29	10.29	15.12	10.57	14.34	9.55	14.27	9.91
NB059	7.06	10.49	12.29	11.01	13.3	13.44	8.52	14.02	7.77	15.58	6.17	15.66	14.17	8.08	11.57	8.2	12.38	14.09	10.29	13.14	10.44	11.53	10.19	15.71	10.97	14.54	9.55	14.35	9.91
NB069	8.81	8.79	10.62	9.58	12.63	12.53	11.51	14.18	6.74	13.95	5.68	14.75	12.14	7.31	10.94	10.23	13.04	14.5	12.07	10.98	11.52	11.55	7.7	14.9	11.86	13.51	11.66	13.36	8.48
NB071	7.72	9.85	12.98	11.8	13.07	14.56	7.18	14.14	7.77	16.44	6.36	16.01	14.07	7.65	11.23	7	11.52	14.27	8.8	12.37	8.99	11	9.9	15.34	10.15	15.53	7.8	13.75	9.08
NB095	6.72	10.44	12.43	10.92	12.54	13.96	7.46	13.99	6.83	16.41	6.18	16.47	13.66	8.07	10.76	7.06	11.59	13.48	8.68	11.83	9.74	11.61	9.24	15.44	9.19	14.74	8.32	13.44	9.19
NB097	7.33	10.5	12.21	11.18	14	13.79	8.21	13.9	7.18	16.26	7.41	16.2	13.97	8.63	11.2	7.63	11.97	13.8	9.44	13.04	9.67	11.78	10.83	15.01	10.59	14.74	9.11	14.04	9.6
NB099	7.11	11.43	13.74	11.28	13.95	14.13	8.85	14.38	8.16	14.76	6.74	15.03	14.78	8.09	9.54	8.13	12.45	14.23	10.17	13.08	10.49	11.39	9.22	14.84	10.11	14.17	9.42	14.09	9.36
NB101	6.86	9.68	13.2	9.94	13.34	13.82	7.82	13.35	6.83	15.98	6.2	15.72	14.35	7.65	10.3	7.03	12.39	13.23	9.06	12.48	9.05	12.55	9.74	13.98	9.18	14.61	7.8	12.97	9.6
NB105	6.67	11.03	13.64	12	13.61	13.74	8.02	14.64	6.54	16.22	6.49	15.84	14.35	8.35	11.08	7.28	11.94	13.35	9.12	13.05	8.95	12.12	10.28	14.74	9.11	13.84	7.91	13.2	9.1
NB111	7.81	10.45	13.06	11.75	13.89	14.55	9.49	14.49	9.14	15.73	6.46	15.97	14.33	8.14	10.74	8.63	12.17	13.92	10.88	12.93	10.43	11.55	9.94	15.36	11.07	15.19	9.97	14.13	9.33
NB115	6.92	10.74	13.6	11.39	14.18	14.04	8.61	13.84	7.59	15.8	5.96	16.29	14.63	8.39	11.53	8.41	12.01	13.88	9.76	13.2	9.85	11.83	9.61	15.28	10.79	14.53	9.06	14.17	10
NB119	7.95	9.54	12.04	10.2	11.07	13.82	9.59	13.14	6.55	14.92	6.99	15.55	12.84	8.1	10.49	9.39	12.5	12.28	11.17	11.64	10.51	13.07	8.24	14.41	8.59	14.3	10.44	12.98	8.29
NB121	7.2	10.39	13.69	11.82	12.27	14.9	7.98	14.48	8.92	16.7	6.08	16.38	14.45	8.23	11.31	7.32	11.59	13.73	8.84	13.42	9.24	11.43	9.65	15.24	10.04	14.81	8.19	13.21	9.02
NB123	8.72	9.16	13.08	11.32	14.12	14.54	9.85	14.22	6.46	16.1	6.79	15.87	14.35	9.18	11.07	9.02	12.16	13.69	11.06	12.76	11.06	11.28	9.61	14.96	10.94	15.15	10.45	13.88	9.17
NB125	8.24	10.87	12.48	12.2	13.29	14.58	9.85	14.57	8.5	16.43	6.65	16.33	13.97	8.67	11.38	9.1	11.87	13.99	10.2	12.35	10.47	11.48	10.27	15.25	10.61	14.58	9.8	13.92	8.97
NB131	7.27	10.28	12.77	11.46	13.15	13.91	8.78	14.43	8.74	15.63	6.64	15.54	14.13	8.49	11.08	7.59	12.82	14.3	10.11	13.76	10.01	11.43	10.76	15.61	11.18	14.87	9.66	14.18	9.74
NB137	9.97	9.21	9.6	9.25	12.46	12.5	11.69	13.56	6.52	14.1	6.49	14.39	12.01	6.46	9.98	10.24	13.24	11.11	12.06	10.67	11.96	12.77	8.15	13.95	7.85	12.75	11.74	13.2	9.43
NB139	6.71	10.67	13.97	11.72	13.91	14.42	8.08	14.4	8.84	16.48	5.89	16.59	14.77	8.65	10.13	6.85	11.71	13.81	8.83	13.63	8.92	11.48	10.91	15.33	10.76	15.19	8.53	13.1	9.63
NB141	6.77	10.12	13.03	11.82	13.56	13.77	9.25	14.19	7.61	16.31	5.78	16.27	14.02	8.45	11.01	8.47	11.93	13.81	10.57	12.6	11.32	12.33	9.63	15.47	10.82	14.16	10.43	14.01	9.4
NB145	7.21	10.01	12.71	11.55	13.52	14.02	9.78	13.87	7.81	15.21	7.19	16.05	14.15	7.89	10.49	8.25	12.09	13.24	10.68	12.71	10.83	11.5	10.22	15.12	9.86	14.56	9.7	13.42	9.11
NB147	6.88	11.53	13.99	11.74	15.12	14.67	8.71	14.8	9.54	16.62	7.03	16.22	15.19	9.12	11.65	7.51	11.74	14.46	9.24	13.8	9.63	10.81	10.32	15.07	11.16	15.19	8.72	13.59	10.22
NB149	8.02	9.85	11.8	11.09	11.17	12.28	10.23	13.92	7.02	13.98	6.18	15.35	12.71	7.37	9.05	9.65	12.56	12.73	11.34	11.88	11.66	12.07	10.2	14.4	9.47	12.88	10.83	12.38	9.07
NB151	8.33	10.74	12.53	13.26	13.65	13.85	7.89	14.62	9.89	16.57	7.05	15.12	14.38	9.39	10.45	7.21	12.09	14.41	9.04	13.44	8.84	11.82	8.73	15.21	7.53	14.33	7.8	12.73	9.1
NB153	7.37	10.21	13.14	12.96	12.59	13	7.95	14.3	6.66	16.93	8.05	14.82	14.49	8.94	10.5	8.02	11.58	12.74	9.56	11.84	9.17	12.43	8.74	14.68	7.25	13.28	8.9	13.02	7.33
NB155	7.6	11.28	13.58	11.65	14.36	14.32	7.91	14.62	9	16.41	7.17	16	14.59	8.82	10.75	7.14	12.21	14.32	9.13	12.99	8.97	11.79	8.88	15.11	10.88	14.87	8.25	14.18	9.36
NB157	6.67	10.24	11.93	10.54	13.98	13.97	8.58	14.03	6.61	16	6.38	16.1	13.66	8.09	10.83	7.71	11.75	12.5	9.8	12.44	10.6	11.59	9.89	14.78	9.93	14.58	9.38	13.47	9.31
NB159	6.49	10.14	12.35	10.67	12.62	13.03	6.78	14.4	5.95	16.02	7.73	16.28	13.64	7.98	9.82	6.31	11.77	14.34	8.72	13.54	8.49	12.29	9.15	14.1	9.03	13.86	7.63	12.28	9.13
NB161	6.66	11.04	12.61	11.73	14.53	13.73	8.33	14.6	9.03	15.7	6.35	16.11	14.75	7.88	11.02	7.48	12.21	14.13	9.45	13.11	9.46	11.94	9.72	15.28	10.81	14.47	8.8	14.44	9.39
NB165	7.14	10	13.29	11.91	13.65	14.08	9.89	14.93	8.17	15.76	6.34	15.77	15.05	7.96	11.41	8.02	12.15	12.95	9.88	13.19	9.56	11.92	10.58	15.23	10.61	14.75	9.69	14.69	9.31
NB167	6.92	10.96	12.99	11.95	14.54	14.43	7.32	14.5	8.85	16.22	6.45	16.48	14.18	9.03	10.79	6.73	11.62	13.52	8.51	13.05	9.06	11.72	10.49	15.69	10.17	15.15	7.72	13.69	9.9
NB169	8.31	10.11	9.4	8.22	11.68	11.79	11.05	13.08	5.44	14.01	5.87	14.14	11.73	8.02	9.7	10.18	12.25	11.23	11.91	12.41	11.68	13.41	9.01	14.41	9.11	12.84	11.05	13.36	9.38
NB171	7.32	10.59	13.91	11.52	14.47	14.21	8.31	14.64	7.15	16.48	6.69	16	15.1	8.28	11.33	7.31	11.83	13.67	9.3	13.12	8.76	11.71	9.77	14.86	11.34	14.83	8.7	14.01	9.82
NB183	7.9	10.57	11.51	11.92	14.14	13.39	8.07	14.34	8.95	15.49	6.69	15.07	13.07	8.08	10.73	7.28	13.16	13.46	9.06	13.34	9.22	11.28	9.3	14.35	7.29	13.88	7.88	12.9	9.95
NB185	7.35	10.38	12.86	11.38	13.09	13.17	9.87	14.17	8.29	15.74	6.15	16.22	14.18	8.59	10.99	8.54	12.2	13.22	10.03	12.46	10.14	11.37	10.3	14.79	9.59	13.75	9.44	13.59	9.26
NB195	9.26	9.26	9.61	10.38	11.12	11.58	11.89	14.6	5.49	13.85	5.64	14.23	11.21	6.29	9.84	9.92	13.35	11.76	11.73	10.75	11.25	13.41	7.8	14.22	7.78	12.54	11.06	13.41	9.36
NB197	9.13	9.12	10.45	10.1	11.35	11.32	11.31	14.34	5.72	13.14	5.92	14.07	11.89	6.32	10.57	10.39	13.52	10.41	12.07	11.64	11.58	13.4	7.24	14.08	7.19	12.12	12.09	13.49	8.83
NB199	6.56	10.39	12.69	12.11	12.14	13.79	8.85	13.95	9.1	15.97	6.26	15.34	14.14	8.61	11.18	7.57	11.97	14.43	10.28	13.9	10.54	11.66	10.13	15.56	10.18	14.35	10.04	13.75	9.86
NB203	7.52	10.61	11.68	11.19	14.35	14.41	8.61	13.89	9.02	16.43	7.04	16.31	13.68	8.38	10.96	7.44	11.68	13.91	10	12.94	10.25	11.42	10.12	15.3	11.12	15.37	9.59	13.95	9.53
NB205	7.49	10.81	12.68	11.46	14.32	13.67	9.09	14.31	9.26	15.15	6.5	15.9	14.8	8.18	10.68	7.81	12.14	14.45	10.67	12.81	10.59	11.42	9.53	15.09	11.13	14.62	9.62	13.82	9.25
NB207	7.1	10.8	12.23	12.38	13.76	14.76	7.18	13.77	9.91	17.05	6.93	16.78	14.11	9.24	11.58	6.39	11.45	13.26	8.32	13.65	8.25	11.38	10.55	14.96	10.83	15.53	7.29	14.03	9.24
NB209	6.67	10.53	12.97	12.35	14.22	14.44	8.57	14.76	8.98	15.8	6.15	16.63	14.5	8.51	11.65	7.7	11.58	13.84	9.8	13.9	9.45	11.28	11.13	15.79	11.14	15.1	8.91	14.29	9.36
NB211	7.09	10.05	11.9	11.68	13.04	14.58	8.07	13.89	8.39	16.48	7.14	16.02	14.31	8.15	11.5	7.92	11.9	13.56	9.47	13.06	10.24	11.27	9.74	15.41	10.48	15.03	9.31	14.15	9.64
NB213	6.2	11.3	13.12	11.55	14.55	14.68	7.46	14.27	8.15	16.79	6.32	16.21	14.13	9.17	11.4	6.4	11.68	14.1	8.92	13.64	9.17	11.51	11.11	16.33	10.69	15.24	8.21	13.94	10.48
NB215	7.41	11.31	13.81	11.67	14.57	14.37	9.49	14.82	9.22	16.13	6.1	16.82	14.58	8.41	10.73	8.37	12.24	13.9	10.13	13.45	9.87	11.69	10.1	14.92	10.39	14.3	10.03	13.83	9.81
NB217	6.97	11.06	13.05	11.64	13.88	14.24	8.12	14.77	8.76	16.39	6.12	15.77	15.1	9.19	10.89	6.97	12.29	14.14	9.44	14.01	9.07	11.28	9.22	14.8	10.68	14.57	8.53	14.52	9.86
NB219	7.9	10.1	13.11	10.77	14.05	13.92	7.96	14.33	7.7	15.22	6.51	15.25	13.79	8.53	10.19	7.61	12.6	14.25	9.21	13.21	9.47	11.59	9.22	14.3	9.48	14.23	8.21	12.97	9.97
NB225	6.63	11.22	14.02	11.14	13.7	14.76	9.79	14.69	8.45	16.86	6.06	16.74	14.72	9.36	11.27	8.1	11.91	13.67	10.05	13	9.63	10.96	10.71	15.62	10.55	15.03	9.47	12.84	9.7
NB229	7.52	10.14	12.1	11.21	12.89	13.37	7.84	14.28	8.42	15.29	5.89	15.99	13.42	8.47	10.07	7.56	12.49	13.39	9.21	12.86	9.9	12.3	8.4	14.71	10.5	13.83	8.58	13.09	9.39
NB237	7.83	10.01	12.02	12.43	13.06	13.4	8.16	14.29	8.9	14.92	6.68	15.05	13.24	8.41	10.01	8.18	12.83	13.55	9.16	13.56	9.29	11.27	8.44	14.38	8.81	13.67	7.99	12.62	10.17
NB245	6.73	9.94	11.2	9.72	12.23	12.11	7.64	13.2	7.71	14.9	7.31	15.11	12.11	8.24	9.08	6.95	11.99	11.96	9.69	11.38	9.85	12.91	8.28	13.76	7.9	13.15	8.32	12.06	8.9
NB255	8.55	9	12.44	9.17	11.74	13.12	11.04	13.25	7.89	14.73	6.15	15.05	13.36	7.42	9.84	9.47	12.77	12.25	11.54	12.86	10.47	12.41	8.28	14.64	9.07	13.63	11.18	12.68	8.62
NB257	8.98	9.14	10.7	10.81	10.51	12.06	11.77	14.26	6.25	13.01	5.95	14.48	12.31	6.37	9.51	10.81	13.24	12.33	12.32	11.51	11.9	13.41	7.87	14.32	9.4	12.94	12.24	13.02	8.61
NB259	9.87	9.32	9.84	10.23	11.98	11.87	11.3	14.44	5.81	14.04	5.97	14.44	11.39	7.17	10.97	10.83	13.7	10.63	12	11.52	11.86	12.63	8.5	14.16	8.81	12.65	11.93	13.6	9.6
NB263	9.84	9.32	14.28	10.67	11.79	11.73	10.83	14.31	6.32	14.62	6.02	15.24	14.98	8.45	10.78	9.39	13.03	11.67	11	13.03	10.88	12.97	8.65	13.79	8.75	12.3	10.59	12.51	9.29
NB267	9.78	8.73	10.16	10.31	10.88	12.08	11.42	14.95	5.79	14.46	6.05	14.76	11.54	6.41	9.58	10.16	13.43	11.12	11.48	12.19	11.68	12.91	9.18	14.02	7.84	12.36	11.67	13.26	7.99
NB269	8.11	8.88	10.37	8.25	11.6	12.18	11.27	13.67	6.69	14.43	6.5	14.53	12.37	6.53	10.05	10.33	13.48	11.54	11.91	10.4	11.62	12.72	8.82	14.39	8.46	12.82	11.59	12.59	9.07
NB271	9.53	7.82	10.73	9.21	12.32	12.29	10.82	13.77	6.06	14.11	6.01	14.56	11.73	6.71	9.58	10.39	12.8	11.79	11.92	10.26	11.57	11.54	8	13.64	8.23	13.22	11.3	12.65	8.18
NB275	6.5	9.81	12.87	11.28	14.38	14.32	7.62	13.62	8.23	15.5	7.17	15.74	14.45	7.14	10.32	7.36	11.74	14.14	8.75	12.27	8.69	11.04	9.94	15.14	10.56	15.19	7.94	13.9	9.89
NB277	7.05	10.1	11.92	10.39	13.84	14.01	10.01	13.88	7.7	15.75	7.56	15.23	13.14	7.65	10.99	8.46	11.47	13.57	10.35	11.69	11.28	11.03	10.32	15.05	10.03	14.81	10.07	13.7	9.24
NB279	6.92	9.79	12.6	10.96	14.23	14.39	7.75	13.81	8.68	16.5	6.52	16.24	13.53	7.34	10.95	7.34	11.83	13.75	8.89	12.79	9.29	11.1	10.15	15.17	10.84	15.08	8.58	13.77	9.68
NB281	8.06	10.5	13.97	11.55	14.64	14.25	7.82	14.26	8.9	16.44	7.45	15.9	14.84	9.05	11.45	7.1	11.77	13.77	9.15	12.43	9.09	11.64	10.41	15.34	11.59	15.13	8.21	14.27	10.39
NB283	7.03	10.36	12.09	10.32	13.5	14.11	9.94	14	8.24	15.84	6.69	15.52	13.48	7.55	10.67	9.17	11.83	13.07	10.54	11.74	11.02	11.54	10.22	15.49	10.5	14.8	10.48	13.58	9.99
NB287	7.62	9.67	12.38	10.05	15	14.02	10.17	13.6	7.27	14.75	7.65	15.05	13.45	7.28	10.12	8.79	12.28	12.59	10.82	13.01	11.19	11.58	10.65	14.89	10.92	14.78	10.8	13.88	9.73
NB289	8.45	9.18	11.21	10.22	11.83	13.7	9.7	13.78	5.74	15.03	6.8	15.32	12.09	7.65	9.84	8.84	12.84	13.22	10.34	11.38	10.5	12.53	7.81	14.16	8.8	14.06	9.67	12.62	8.82
NB291	6.68	9.57	11.14	10.4	13.99	14.39	8.76	15.88	8.68	15.12	6.25	15.32	12.56	7.49	10.56	7.76	11.83	12.65	9.85	12.25	9.79	11.31	10.21	14.41	10.57	14.85	8.96	13.08	9.46
NB299	7.89	10.14	12.75	10.91	12.74	14.24	8.66	13.82	7.24	15.8	6.54	15.9	13.38	8.26	10.75	7.46	11.6	13.28	9.92	12.67	9.67	11.93	9.31	14.83	9.44	14.86	8.94	13.41	9.3
NB301	6.5	11.05	12.19	10.96	14.63	14.34	9.12	14.15	8.1	15.68	6.17	16.12	13.35	7.87	11	7.66	11.93	13.35	9.93	12.67	10	11.3	10.21	14.63	9.86	15.21	9.31	13.52	8.64
NB303	6.6	10.72	12.78	11.77	12.54	13.48	9.17	14.33	7.62	15.3	6.31	15.54	14.78	8.49	11.12	7.61	11.75	13.71	10.68	14.1	10.22	11.53	9.77	15.05	10.65	14.25	10.08	13.92	9.95
NB305	7.59	9.93	11.56	10.66	12.06	13.52	10.84	13.69	7.59	15.24	7.69	15.23	13.16	7.51	10.81	9.52	12.28	13.56	11.46	12.32	11.63	11.04	10.66	14.77	10.27	14.55	11.42	14.17	7.1
NB307	7.31	10.31	11.93	11	15.67	14.97	8.21	14.12	9.27	16.57	6.77	16.58	14.34	8.4	11.18	7.09	11.59	13.76	8.79	12.59	9.37	10.99	10.04	15.89	11.42	15.56	8.4	13.6	9.06
NB315	6.91	10.74	12.74	11.13	12.67	14.33	9.14	14.25	8.73	15.49	5.85	16.01	14.05	8.28	10.46	7.66	11.8	13.52	10.12	12.73	10.12	11.29	10.07	14.6	9.89	14.7	9.19	13.27	9.12
NB319	9.75	8.78	9.44	10.21	11.32	11.6	10.9	14.41	5.09	15.26	5.47	15.36	10.62	6.82	9.92	10.3	13.35	10.74	11.74	10.45	12.01	13.03	7.27	14.27	9.04	12.98	11.98	13.51	8.8
NB321	9.51	9.02	9.68	9.56	11.5	11.72	11.14	14.35	5.72	14.42	6.11	14.49	11.6	6.8	10.25	9.43	13.31	10.85	11.62	11.85	11.34	13.03	9.03	14.02	7.16	12.69	11.17	13.2	8.95
NB323	9.14	9.39	10.59	9.64	11.61	12.78	11.38	13.31	6.38	15.03	6.42	15.39	12.68	8.32	10.24	10.17	12.6	11.93	11.54	12.11	10.87	11.93	8.97	14.05	7.88	13.07	10.41	12.84	8.28
NB325	6.74	11.49	14.05	11.68	14.22	14.02	7.33	14.7	7.77	16.49	5.76	16.47	14.78	8.94	10.75	6.91	11.77	13.84	8.26	13.09	9.62	11.76	9.64	14.68	9.88	14.69	7.74	13.2	9.29
NB327	8.37	9.94	9.91	9.81	11.22	12.23	9.62	14.3	6.35	15.2	6.51	15.61	11.18	7.84	9.43	8.65	12.79	11.79	10.63	11.85	11.05	12.52	9.21	14.01	8.94	13.1	9.74	12.82	9.63
NB331	8.96	9.75	10.47	9.36	12.46	12.01	10.11	13.94	6.35	14.87	5.89	14.94	11.82	7.51	9.64	9.38	13.31	11.65	10.54	10.51	10.38	12.82	8.6	13.92	8.13	12.92	10.59	12.71	9.39
NB333	9.12	8.19	11.77	9.36	11.43	13.04	8.94	13.81	6.57	14.91	6.66	15.41	12.87	7.33	9.71	8.78	12.65	13.25	10.6	11.48	10.66	12.78	7.57	13.96	8.89	13.53	9.71	12.02	7.75
NB335	8.76	8.81	11.67	10.63	11.69	13.76	10.75	13.51	7.21	14.93	5.81	15.63	12.83	7.22	10.02	9.33	13.35	12.39	11.43	10.94	11	12.08	8.85	14.55	8.16	14.36	11.01	12.45	8.45
NB337	9.65	8.79	12.44	10.71	10.2	13.16	10.41	12.98	6.5	15.22	6.02	15.98	13.07	7.34	9.6	9.37	12.58	13.39	11.04	11.49	11.14	13.21	8.06	14.45	9.86	13.83	10.44	12.31	8.71
NB339	8.73	8.64	12.51	9.47	11.27	12.36	10.3	13.74	6.54	14.64	5.67	15.47	13.21	7.7	10.19	9.58	13.02	11.7	11.26	11.51	11.35	12.7	8.47	13.9	8.31	12.9	11.13	12.34	8.89
NB345	6.78	11.32	14.17	12.1	13.54	13.98	8.08	14.15	8.36	16.38	6.05	16.4	14.35	8.91	11.21	7.03	11.48	13.67	8.94	12.98	9.68	11.25	9.23	14.97	10.28	14.77	8.21	13.83	10.28
NB347	7.52	10.98	13.5	11.71	13.19	14.38	9.58	14.48	8.74	16.24	6.92	15.73	14.75	8.42	10.55	8.93	12.26	14.4	10.76	13.39	11.13	11.01	9.99	15.4	10.45	14.92	10.52	13.86	9.54
NB353	8.4	9.02	12.27	10.12	12.48	13.26	9.49	13.28	6.04	14.89	6.04	15.49	13.55	7.51	9.91	8.53	12.22	12.26	10.71	10.79	10.9	12.44	7.49	14.2	8.37	13.49	9.79	12.51	8.32
NB355	7.25	10.88	13.43	12.84	13.96	14.01	8.56	14.98	7.61	15.83	6.87	15.98	14.49	8.56	11.07	7.48	11.99	13.52	9.59	13.53	9.53	11.94	9.98	15.27	10.91	14.31	9.11	13.66	9.67
NB359	7.77	10.03	10.88	10.19	12.43	13.68	11.6	13.29	6.24	15.31	6.2	15.6	11.92	7.36	10.41	9.43	12.41	13.12	11.46	12.11	12.06	12.52	8.6	13.74	7.79	13.31	10.26	12.82	9.16
NB363	7.17	9.57	12.18	10.8	13.87	13.91	6.96	14.03	7.26	15.04	7.2	15.23	13.46	8.08	10.28	6.96	12.37	13.6	8.57	12.68	9.34	11.57	9.27	14.49	9.98	14.62	7.67	12.57	10.19
NB365	7.05	10.41	12.05	10.78	13.51	13.8	8.9	14.44	8.45	15.58	6.98	15.75	13.81	8.44	10.75	7.72	12.25	13.26	9.72	13.1	9.72	11.1	9.2	14.51	9.85	14.04	8.47	13.48	9.04
NB367	7.77	10.88	14	12.49	14.53	15.04	8.03	14.23	8.94	16.75	6.96	16.67	14.85	8.46	11.71	7.27	11.5	14.18	8.65	13.54	9.08	10.95	9.94	15.76	10.88	15.13	8.01	14.14	9.36
NB369	8.11	9.83	11.1	9.79	11.28	13.45	8.9	12.97	6.15	14.92	6.21	15.72	12.18	7.44	10.11	8.74	12.44	12.95	10.61	11.8	11.77	12.58	8.97	14	7.66	13.88	9.81	12.77	8.59
NB371	7.3	9.65	11.24	9.99	11.47	12.63	11.01	13.96	8.01	15.13	5.89	15.06	12.46	7.1	9.96	9.49	12.69	12.99	11.49	12.2	11.69	12.48	9.19	14.39	9.94	13.27	11.5	13.19	8.87
NB373	9.01	8.4	11.76	10.14	12.89	13.43	10.69	13.48	6.83	16.11	5.91	15.3	12.93	7.41	10.5	9.87	13.29	11.64	11.71	10.68	10.74	12.4	8.57	14.35	7.82	13.91	10.88	12.9	8.69
NB375	8.61	8.13	11.08	10.01	11.21	12.96	10.66	13.25	6.19	14.6	6.26	15.43	11.91	6.61	9.2	10.74	12.95	12.49	11.93	9.79	11.4	12.08	7.32	13.75	7.48	13.39	11.57	12.16	7.77
NB377	8.56	8.49	12.38	10.08	12.86	13.14	7.32	13.38	5.59	16.82	6.11	15.71	13.02	7.43	9.96	7.07	12.23	11.65	8.61	11.07	10.17	12.33	8.02	14.3	9.26	13.92	7.65	12.32	7.86
NB381	9.32	9.03	11.04	9.59	12.65	12.26	11.34	14.31	5.97	13.8	5.68	14.68	11.54	7.24	9.96	10.57	12.98	11.91	12.08	10.22	11.88	13	7.87	14.7	9.24	13	11.6	12.37	8.6
NB383	9.14	8.61	9.57	8.72	12.52	11.46	11.02	13.69	5.86	14.56	5.8	14.39	10.96	6.57	9.8	9.9	13.62	11.54	11.36	11.46	11.72	13.34	9.17	14.27	7.67	12.3	11.62	13.43	9.98
NB385	7.84	9.41	10.15	10.5	12.43	13.56	10.78	13.04	6.82	15.2	6.58	15.83	12.39	7.08	9.36	9.43	12.19	12.5	11.4	11.22	11.62	12.71	7.46	13.7	7.69	14.37	10.76	13.19	9.23
NB393	7.66	10.23	10.74	10.92	11.04	13.26	11.15	12.86	5.9	15.85	6.46	15.26	11.85	8	9.94	9.82	12.43	12.22	11.6	12.29	11.12	12.85	7	13.71	8.15	13.9	10.44	12.88	8.15
NB395	7.02	10.93	13.12	12.09	14.5	13.95	6.96	14.7	8.18	16.72	7.07	16.15	14.1	7.97	10.25	6.56	11.73	14.26	8.45	13.05	8.36	11.71	9.74	15.37	10.66	14.61	7.6	12.97	9.76
NB397	7.64	10.98	13.34	11.09	13.37	13.99	8.92	14.87	8.15	15.08	6.02	15.83	14.34	8.4	10.78	7.8	12.15	13.53	10.44	13.22	9.9	11.48	9.81	14.77	10.48	14.58	9.51	13.8	9.88
NB403	9.63	9.55	9.67	10.74	11.9	11.77	11.12	14.82	6.19	14.77	6.02	14.3	11.95	7.54	9.09	9.56	13.43	10.15	11.41	12.19	10.65	13.25	8.34	13.63	7.44	12.47	11.31	12.08	9.93
NB417	7.05	10.15	11.63	10.37	13.95	13.82	9.95	13.81	8.52	15.75	6.91	14.79	13.03	8.04	10.41	6.56	11.95	12.62	10.1	12.66	10.58	11.19	9.84	14.99	9.6	14.83	10.63	13.96	9.73
NB421	7.18	10.66	12.16	9.94	13.86	14.12	9.61	13.38	7	14.72	7.7	15.4	12.29	7.37	11.13	8.35	11.57	12.72	10.61	12.44	11.68	11.25	9.61	14.7	10.63	14.49	10.14	13.5	9.2
NB471	6.64	11.14	13.66	11.69	15.19	14.22	8.48	14.87	9.36	15.67	6.38	16.07	14.58	7.85	11.14	7.13	12.17	14.36	9.42	13.95	9.25	11.55	9.6	15.2	10.95	14.46	8.9	13.89	9.48
NB473	7.58	10.79	12.62	11.54	13.32	13.92	9.36	14.69	8.11	15.72	6.41	15.64	14.63	8.6	10.71	8.52	12.63	13.47	10.34	12.29	10.2	11.8	9.82	15.12	10.89	14.56	9.7	13.72	9.53
NB479	6.49	10.93	10	11.8	13.5	15.19	6.98	13.88	10.3	14.75	6.71	16.9	14.84	8.76	11.5	7.13	12.09	13.74	8.54	13.92	9.24	12.35	9.99	14.18	10.46	15.72	6.83	13.73	10.02
NB493	7.64	10.69	12.91	11.32	14	13.52	9.5	14.33	8.54	16.58	7.02	16.35	14.46	9.09	10.32	8.87	12.31	12.82	10.01	12.34	10.88	11.51	9.27	15.14	10.58	13.37	9.95	13.65	9.63
NB495	7.74	10.72	13.51	11.27	14.33	13.86	9.17	14.75	8.37	15.29	6.32	15.56	14.64	8.49	11.11	7.97	12.64	14.3	10.49	13.11	10.12	11.95	9.83	15.36	11.33	14.45	9.72	13.99	9.54
NB497	7.4	9.54	12.31	10.46	13.39	13.6	8.72	13.57	7.47	16.14	6.67	15.46	13.56	8.57	11.36	8.3	12.38	13.53	10.17	12.74	9.95	11.48	9.68	15.26	10.67	14.81	9.93	14.35	9.24
